2 0.000442875  2.0708e-05
4 0.000273833  1.25e-06
8 0.000252709  1.75e-06
16 0.000238625  3.583e-06
32 0.000213791  8e-06
64 0.000223084  2.4166e-05
128 0.000263625  3.9334e-05
256 0.00025475  8.475e-05
512 0.000278458  0.000182292
1024 0.000353833  0.0003725
2048 0.00073375  0.0007935
4096 0.00101113  0.00210638
8192 0.00154375  0.00409983
16384 0.00230221  0.00657204
32768 0.00387079  0.0108781
65536 0.00649246  0.0181391
131072 0.0132616  0.0331703
262144 0.024933  0.0639559
524288 0.048494  0.13579
1048576 0.10386  0.28236
2097152 0.216868  0.606056
4194304 0.416588  1.25287
8388608 0.860581  2.67101
16777216 1.69864  5.6493
